5216
174
4883
3204
12441
3850
368
8505
9623
5531
9137
1861
5481
1784
11021
8110
779
6953
3546
3572
282
7930
8416
2865
4594
7400
7162
9477
2274
10876
9775
11343
4521
2552
9776
6987
1544
9879
11888
4914
3849
1303
4245
2807
10245
6932
9620
12040
7616
1024
7918
8764
5742
4542
3493
8524
3764
3481
9746
11648
81
4918
6897
8959
1746
8479
8036
7742
2406
5947
10265
3153
2975
6647
10378
4201
10295
5890
2727
2074
10294
2007
3160
8232
10755
7
2002
11184
3219
12205
8826
7030
1468
7542
9360
4727
2189
2765
3794
6165
10376
1227
8594
7676
5960
8961
7197
2374
870
3827
12355
8807
6651
4147
6341
8849
7147
5691
4003
3967
12191
11411
1255
7652
9380
10292
11342
3889
3385
132
9619
1554
456
9310
4511
4513
6719
4530
10628
5274
440
7130
10737
10771
6253
9909
4078
3244
2742
1523
937
8546
11856
7537
4261
7572
6094
2215
10158
8749
7685
7934
9747
4555
3214
8617
8946
10160
8987
8295
693
1681
6214
1173
9763
8209
7422
11245
12407
4372
1650
9608
3613
9439
5299
8841
9812
3090
651
8643
5474
10318
4491
6218
4392
5420
7935
8099
2363
2933
