5372
174
225
4867
5865
12435
2850
2826
8382
10332
10248
4803
1621
1639
8763
4741
3891
3583
7949
10651
7574
171
8693
76
9421
7449
11589
7270
2017
3297
10678
1972
4660
2776
7062
2526
3909
8582
4340
8930
6620
5563
4873
3593
1186
10237
1140
11721
9464
10059
3596
7054
10502
7914
7337
6585
11627
3277
9580
8659
9080
8619
9957
9379
81
8472
8325
18
3250
2084
4937
1541
10999
6478
12278
1566
12319
3827
6652
10821
3218
4199
2593
3052
2092
1150
3159
11560
2449
7749
8375
4775
9637
6651
1953
2135
1307
5695
2448
3849
3887
3907
8671
2404
9599
5615
5811
7766
5289
7917
11080
3239
8685
7425
4987
4479
7974
3996
9313
10021
783
6387
11242
2880
4196
10764
3517
9447
9036
697
9655
4398
6787
6421
6495
10657
7591
7561
12485
4174
7312
4328
9963
7221
10130
9455
7967
8187
519
745
10498
7444
8794
1362
11202
6007
3184
8996
5606
12230
835
11665
9065
892
10123
9936
4363
583
3725
1373
6988
1786
10079
5043
1436
1734
8077
6931
3441
3033
2895
2166
7174
3927
9523
4491
11778
8007
9367
12169
10143
9896
9231
9055
10393
3888
7894
3505
5569
11238
