4867
247
235
5213
6810
12461
2850
2665
10116
10014
5187
8279
9532
1689
3473
4205
8100
1967
10921
4086
7844
3574
8104
11393
128
485
6583
7248
10532
9265
7169
2171
4546
3164
4554
10769
1378
2030
9817
8567
3266
8155
11623
7134
3228
4296
11553
3461
9346
1099
8949
9856
2808
6759
8957
5556
4881
2281
6382
8008
4136
4390
7781
7290
10592
9088
10709
12254
5491
8997
3747
60
3109
47
3666
1279
8154
10445
2431
12220
5013
7718
5956
1604
9929
3094
5391
958
7136
9403
11052
11941
1725
1447
7406
8573
2180
10218
4078
2477
2996
2352
10148
10071
2628
10259
3628
9570
4756
8274
5897
5566
3609
4064
7266
6318
8581
9525
3965
4106
659
10992
7481
6415
9007
3558
8946
7561
1876
11301
2358
11450
9146
7156
954
3331
4634
12266
3029
6632
183
3995
1849
4309
8088
8319
2817
11555
6975
475
3864
8535
7931
10068
7588
2107
2566
4709
11119
1943
972
3725
8202
5154
5976
3137
9200
10536
8165
10499
4145
3323
9483
2863
7138
6596
6852
9012
12184
892
8616
7706
706
6040
10583
9486
3686
8912
1389
1216
6396
7298
12044
11032
3753
5411
12493
9591
7731
2377
