5220
174
277
5196
12442
4043
2981
8890
6436
1933
10485
8789
7030
8376
1573
3890
10895
8841
8972
635
3163
6839
4424
32
11439
9042
7772
2778
7206
2308
9030
4881
4621
11590
1520
10182
8008
7115
4261
3141
2096
6478
3630
7933
10425
9308
9309
10164
7331
11616
9566
1162
990
3477
10537
3852
2136
7458
4875
3554
5405
2605
7896
4802
9994
5441
12264
3855
9706
6262
1586
5427
3821
19
3384
1498
6541
8029
8202
12020
10111
6333
7801
8001
159
1137
2004
11084
2229
2931
3002
10268
8968
2712
7003
8624
8140
8781
12136
7089
8665
11053
5953
9541
2480
3109
1266
1830
9317
2432
6670
9478
6355
4578
12323
4063
4213
10328
7572
4320
8025
1815
546
10423
293
5688
8097
2346
10706
7564
10998
9884
9868
11660
8430
3941
1716
5032
3589
9697
4556
5982
11152
4472
7151
3127
3413
5054
9250
809
1328
7349
9938
8851
3315
1037
3944
10398
2598
1740
1396
3476
495
3680
4046
9104
3500
8762
9366
10505
3820
7545
8267
5769
5962
4900
7619
6787
6820
4391
464
1368
9665
2792
11389
7533
5266
724
7090
9655
5038
12093
3879
12182
8795
3335
6666
6931
8380
4212
