5257
188
162
5804
5187
12466
2854
2707
8976
10164
4897
8488
1702
1583
4821
8828
11019
7789
3438
3502
8734
128
7440
58
7242
11252
10579
9575
3496
5629
10283
6979
2059
4447
7476
2005
10146
11922
2468
3422
6950
1146
10376
8991
11542
3238
2384
1162
4799
3839
4208
6787
7753
8753
9105
5241
3903
9115
4351
7039
8439
10081
5608
10361
3008
7983
7598
3967
12083
23
7615
1604
81
8441
6641
12076
1216
1279
1542
8331
7939
10217
3787
9491
2569
11101
2364
1932
11048
6284
6905
4055
12069
9993
2981
6709
2455
4177
2126
7841
1968
8450
4854
5135
3435
9718
10455
9363
4461
10712
6207
10760
7611
1997
6344
4068
9576
9340
5851
3300
11359
4903
2420
9239
9717
3078
8310
12391
4720
3045
456
2793
8054
7097
433
6188
10776
9212
9908
4690
7144
3479
4341
7673
6928
10083
6000
812
521
3108
9256
583
11269
5186
4015
937
9592
10690
8337
8766
3439
12227
798
3719
3084
9344
8350
639
11459
8421
6315
3898
7108
7137
6176
5007
9179
2340
3828
3503
7506
1409
4390
9716
1462
2086
1373
8387
6553
3657
6257
4233
11547
6077
8157
3423
10631
3861
7346
9616
